---------------------------------------SocialWelfare_LinearPricing_ByDiffNumberECSP-price=1.2--------------------------
已达到纳什均衡
用户平均效益值 8.520243036357067
车辆整体效益值 -326.4918250022666
整体社会效益为 -391.7190900129817
用户平均效益值变化 [0.4888001174418751, 2.4482136701850408, 3.1266285981296327, 3.365268943524183, 3.9160599359477515, 4.143121039521281, 4.391656129232662, 4.722647674378195, 5.541251141792622, 8.520243036357067]
Cloud平均效益值变化 [94.89055356676634, 25.11463829115341, 14.680655545571696, 11.861925327248434, 8.175834329967419, 7.277956768689993, 6.3747798521146635, 4.697618709041862, 3.5529392707751164, 1.1715099999999996]
ECSPS平均效益值变化 [94.89055356676634, 25.96688016130127, 14.650173966359786, 10.649947565836449, 7.043601259075038, 5.768525383316029, 4.900324197559438, 3.908977696783555, 1.3775839257181774, -6.279269141653978]
VOP平均效益值变化 [-2.3463763182447703, -0.22748744186112901, -1.3675473040243187, -1.704909159833706, -1.7698766259033523, -2.0985883545073616, -3.516833881627889, -3.7406390739686444, -35.640756041053464, -172.83943432131673]
用户平均资源购买情况 [array([0.4900980392156867]), array([1.271666666666666 , 0.9224404761904752]), array([1.1294074074074067, 0.8458080808080801, 0.9316845878136201]), array([0.9968452380952385, 0.6645634920634915, 0.790057471264368 ,
       0.4828409090909084]), array([0.9859444444444453, 0.6572962962962958, 0.7465066666666673,
       0.4472631578947356, 0.4472631578947356]), array([0.6132870370370384, 0.6289869281045745, 0.8573429951690834,
       0.4088580246913575, 0.4088580246913575, 0.4088580246913575]), array([0.7466233766233772, 0.6174702380952368, 0.4967701863354045,
       0.3850700280112037, 0.3850700280112037, 0.3850700280112037,
       0.3850700280112037]), array([0.8644583333333358, 0.5763055555555557, 0.5851984126984151,
       0.3319531250000001, 0.3319531250000001, 0.3319531250000001,
       0.3319531250000001, 0.3319531250000001]), array([0.6686008230452675, 0.310767195767195 , 0.3702534113060433,
       0.310767195767195 , 0.310767195767195 , 0.310767195767195 ,
       0.310767195767195 , 0.310767195767195 , 1.3046127946127948]), array([0.607             , 0.2347575757575762, 0.2348000000000005,
       0.2282727272727277, 0.2282727272727277, 0.2282727272727277,
       5.87775           , 0.2282727272727277, 0.2282727272727277,
       0.2282727272727277])]
Cloud平均资源购买情况 [2.766239962537152, 4.868946781106487, 3.6358695623530153, 2.7652694120911363, 2.4470292624001324, 0.0, 0.361689996851668, 1.6502623193862238, 0.0, 0.0]
ECSPS平均资源购买情况 [2.766239962537152, 5.084745800115576, 3.3078298269961475, 2.333557381242483, 1.9210807846358116, 1.5652412328231826, 1.3151553665220597, 1.1329474871630703, 2.378706381869056, 11.399962907560663]
Cloud平均定价值变化 [10.29999999999998, 1.9000000000000006, 1.5000000000000002, 1.4000000000000001, 1.2, 1.2, 1.0999999999999999, 0.9999999999999999, 0.8999999999999999, 0.7]
ECSPS平均定价值变化 [[10.29999999999998], [1.9000000000000006, 2.800000000000001], [1.5000000000000002, 2.2000000000000006, 1.5500000000000003], [1.4000000000000001, 2.0000000000000004, 1.4500000000000002, 2.2000000000000006], [1.2, 1.8000000000000005, 1.25, 1.9000000000000006, 1.9000000000000006], [1.2, 1.7000000000000004, 1.15, 1.8000000000000005, 1.8000000000000005, 1.8000000000000005], [1.0999999999999999, 1.6000000000000003, 1.15, 1.7000000000000004, 1.7000000000000004, 1.7000000000000004, 1.7000000000000004], [0.9999999999999999, 1.5000000000000002, 1.0499999999999998, 1.6000000000000003, 1.6000000000000003, 1.6000000000000003, 1.6000000000000003, 1.6000000000000003], [0.8999999999999999, 1.4000000000000001, 0.9499999999999998, 1.4000000000000001, 1.4000000000000001, 1.4000000000000001, 1.4000000000000001, 1.4000000000000001, 1.0999999999999999], [0.7, 1.0999999999999999, 0.7499999999999999, 1.0999999999999999, 1.0999999999999999, 1.0999999999999999, 0.4, 1.0999999999999999, 1.0999999999999999, 1.0999999999999999]]
VOP的平均定价值变化 [0.35178604108882916, 1.171522899039913, 1.0083615850589172, 0.9669412692197948, 0.9615735505252173, 0.9083179473611306, 0.8760635734183412, 0.8318626745812856, 1.1641041788629143, 1.1851513134035716]
p_m值变化 [[1.2, 1.2, 1.2, 1.2, 1.2, 1.2, 1.2, 1.2, 1.2, 1.2], [1.2, 1.2, 1.2, 1.2, 1.2, 1.2, 1.2, 1.2, 1.2, 1.2], [1.2, 1.2, 1.2, 1.2, 1.2, 1.2, 1.2, 1.2, 1.2, 1.2], [1.2, 1.2, 1.2, 1.2, 1.2, 1.2, 1.2, 1.2, 1.2, 1.2], [1.2, 1.2, 1.2, 1.2, 1.2, 1.2, 1.2, 1.2, 1.2, 1.2], [1.2, 1.2, 1.2, 1.2, 1.2, 1.2, 1.2, 1.2, 1.2, 1.2], [1.2, 1.2, 1.2, 1.2, 1.2, 1.2, 1.2, 1.2, 1.2, 1.2], [1.2, 1.2, 1.2, 1.2, 1.2, 1.2, 1.2, 1.2, 1.2, 1.2], [1.2, 1.2, 1.2, 1.2, 1.2, 1.2, 1.2, 1.2, 1.2, 1.2], [1.2, 1.2, 1.2, 1.2, 1.2, 1.2, 1.2, 1.2, 1.2, 1.2]]
f_m变化 [[0.18749606316731207, 0.21188601051728873, 0.21939084488533747, 0.23870473672774573, 0.2603500247396721, 0.28350574259161965, 0.30490499583552244, 0.32124954567249614, 0.3447534088135597, 0.3940093965223013], [0.689271895995562, 0.7789340732656457, 0.8065233000825396, 0.8775249127264836, 0.9570971899003093, 1.0422221001375327, 1.1208899057818142, 1.18097564126348, 1.267380401111715, 1.44845496589787], [0.6726265999157728, 0.7601235162830259, 0.7870464880971442, 0.8563334756831581, 0.9339841539625616, 1.0170533742131542, 1.0938214231366061, 1.1524561421716786, 1.2367743048167885, 1.4134760817946852], [0.6326616717405342, 0.7149598523179598, 0.7402831629902945, 0.8054533798706891, 0.8784903485813905, 0.9566239099964512, 1.028830691848748, 1.0839815576804155, 1.1632898540573733, 1.329492679869433], [0.651038714548778, 0.7357274258870622, 0.7617863075368385, 0.8288495359887079, 0.9040080232938398, 0.9844111449921003, 1.0587153308446973, 1.1154681742697155, 1.1970801536776978, 1.3681107042931213], [0.6365508990728767, 0.7193549998721219, 0.7448339831834222, 0.8104048277611585, 0.8838907842763523, 0.9625046643138334, 1.03515533047603, 1.0906452309993433, 1.170441067569944, 1.337665609414022], [0.6239981071592381, 0.7051693100261377, 0.7301458474589645, 0.7944236341386054, 0.8664604466465352, 0.943524059958965, 1.0147420540503977, 1.0691376930219763, 1.1473599546694964, 1.3112868263984594], [0.6143171490302012, 0.6942290291407939, 0.7188180705054094, 0.782098625696151, 0.8530178300613039, 0.9288858474172871, 0.9989989368448707, 1.0525506599499679, 1.1295593499037924, 1.2909429940760935], [1.4510536435688781, 1.6398102572853777, 1.6978910354637466, 1.8473634705431603, 2.0148788492942127, 2.1940836186686945, 2.3596949059921486, 2.486187261046399, 2.6680863669404284, 3.0492841330427196], [8.080124512471835, 9.131206909143733, 9.45462701255785, 10.286957293369207, 11.21975886418731, 12.217652261300634, 13.13985098784326, 13.844217765215005, 14.857114449527897, 11.764121133175045]]
整体社会福利 [102.32017959735909, 100.67054628444222, 105.1155465576477, 108.20025997399576, 111.76932838842686, 115.37498473581445, 118.61855808594142, 121.98413598786368, 87.58252212626257, -65.22726501071517]

---------------------------------------SocialWelfare_LinearPricing_ByDiffNumberECSP-price=1.5--------------------------

已达到纳什均衡
用户平均效益值 8.520243036357067
车辆整体效益值 -323.4918250022666
整体社会效益为 -422.9177793696193
用户平均效益值变化 [0.4888001174418751, 2.4482136701850408, 3.1266285981296327, 3.365268943524183, 3.9160599359477515, 4.143121039521281, 4.391656129232662, 4.722647674378195, 5.541251141792622, 8.520243036357067]
Cloud平均效益值变化 [94.89055356676634, 25.11463829115341, 14.680655545571696, 11.861925327248434, 8.175834329967419, 7.277956768689993, 6.3747798521146635, 4.697618709041862, 3.5529392707751164, 1.1715099999999996]
ECSPS平均效益值变化 [94.89055356676634, 25.96688016130127, 14.650173966359786, 10.649947565836449, 7.043601259075038, 5.768525383316029, 4.900324197559438, 3.908977696783555, 1.3775839257181774, -6.279269141653978]
VOP平均效益值变化 [-3.176251549086627, -3.2782697577100155, -4.34465597204669, -4.505129292519696, -4.6514352805031205, -4.916022573589094, -6.278708261686521, -6.459664621756406, -42.0632561036072, -207.03812367795427]
用户平均资源购买情况 [array([0.4900980392156867]), array([1.271666666666666 , 0.9224404761904752]), array([1.1294074074074067, 0.8458080808080801, 0.9316845878136201]), array([0.9968452380952385, 0.6645634920634915, 0.790057471264368 ,
       0.4828409090909084]), array([0.9859444444444453, 0.6572962962962958, 0.7465066666666673,
       0.4472631578947356, 0.4472631578947356]), array([0.6132870370370384, 0.6289869281045745, 0.8573429951690834,
       0.4088580246913575, 0.4088580246913575, 0.4088580246913575]), array([0.7466233766233772, 0.6174702380952368, 0.4967701863354045,
       0.3850700280112037, 0.3850700280112037, 0.3850700280112037,
       0.3850700280112037]), array([0.8644583333333358, 0.5763055555555557, 0.5851984126984151,
       0.3319531250000001, 0.3319531250000001, 0.3319531250000001,
       0.3319531250000001, 0.3319531250000001]), array([0.6686008230452675, 0.310767195767195 , 0.3702534113060433,
       0.310767195767195 , 0.310767195767195 , 0.310767195767195 ,
       0.310767195767195 , 0.310767195767195 , 1.3046127946127948]), array([0.607             , 0.2347575757575762, 0.2348000000000005,
       0.2282727272727277, 0.2282727272727277, 0.2282727272727277,
       5.87775           , 0.2282727272727277, 0.2282727272727277,
       0.2282727272727277])]
Cloud平均资源购买情况 [2.766239962537152, 4.868946781106487, 3.6358695623530153, 2.7652694120911363, 2.4470292624001324, 0.0, 0.361689996851668, 1.6502623193862238, 0.0, 0.0]
ECSPS平均资源购买情况 [2.766239962537152, 5.084745800115576, 3.3078298269961475, 2.333557381242483, 1.9210807846358116, 1.5652412328231826, 1.3151553665220597, 1.1329474871630703, 2.378706381869056, 11.399962907560663]
Cloud平均定价值变化 [10.29999999999998, 1.9000000000000006, 1.5000000000000002, 1.4000000000000001, 1.2, 1.2, 1.0999999999999999, 0.9999999999999999, 0.8999999999999999, 0.7]
ECSPS平均定价值变化 [[10.29999999999998], [1.9000000000000006, 2.800000000000001], [1.5000000000000002, 2.2000000000000006, 1.5500000000000003], [1.4000000000000001, 2.0000000000000004, 1.4500000000000002, 2.2000000000000006], [1.2, 1.8000000000000005, 1.25, 1.9000000000000006, 1.9000000000000006], [1.2, 1.7000000000000004, 1.15, 1.8000000000000005, 1.8000000000000005, 1.8000000000000005], [1.0999999999999999, 1.6000000000000003, 1.15, 1.7000000000000004, 1.7000000000000004, 1.7000000000000004, 1.7000000000000004], [0.9999999999999999, 1.5000000000000002, 1.0499999999999998, 1.6000000000000003, 1.6000000000000003, 1.6000000000000003, 1.6000000000000003, 1.6000000000000003], [0.8999999999999999, 1.4000000000000001, 0.9499999999999998, 1.4000000000000001, 1.4000000000000001, 1.4000000000000001, 1.4000000000000001, 1.4000000000000001, 1.0999999999999999], [0.7, 1.0999999999999999, 0.7499999999999999, 1.0999999999999999, 1.0999999999999999, 1.0999999999999999, 0.4, 1.0999999999999999, 1.0999999999999999, 1.0999999999999999]]
VOP的平均定价值变化 [0.35178604108882916, 1.171522899039913, 1.0083615850589172, 0.9669412692197948, 0.9615735505252173, 0.9083179473611306, 0.8760635734183412, 0.8318626745812856, 1.1641041788629143, 1.1851513134035716]
p_m值变化 [[1.5, 1.5, 1.5, 1.5, 1.5, 1.5, 1.5, 1.5, 1.5, 1.5], [1.5, 1.5, 1.5, 1.5, 1.5, 1.5, 1.5, 1.5, 1.5, 1.5], [1.5, 1.5, 1.5, 1.5, 1.5, 1.5, 1.5, 1.5, 1.5, 1.5], [1.5, 1.5, 1.5, 1.5, 1.5, 1.5, 1.5, 1.5, 1.5, 1.5], [1.5, 1.5, 1.5, 1.5, 1.5, 1.5, 1.5, 1.5, 1.5, 1.5], [1.5, 1.5, 1.5, 1.5, 1.5, 1.5, 1.5, 1.5, 1.5, 1.5], [1.5, 1.5, 1.5, 1.5, 1.5, 1.5, 1.5, 1.5, 1.5, 1.5], [1.5, 1.5, 1.5, 1.5, 1.5, 1.5, 1.5, 1.5, 1.5, 1.5], [1.5, 1.5, 1.5, 1.5, 1.5, 1.5, 1.5, 1.5, 1.5, 1.5], [1.5, 1.5, 1.5, 1.5, 1.5, 1.5, 1.5, 1.5, 1.5, 1.5]]
f_m变化 [[0.18749606316731207, 0.21188601051728873, 0.21939084488533747, 0.23870473672774573, 0.2603500247396721, 0.28350574259161965, 0.30490499583552244, 0.32124954567249614, 0.3447534088135597, 0.3940093965223013], [0.689271895995562, 0.7789340732656457, 0.8065233000825396, 0.8775249127264836, 0.9570971899003093, 1.0422221001375327, 1.1208899057818142, 1.18097564126348, 1.267380401111715, 1.44845496589787], [0.6726265999157728, 0.7601235162830259, 0.7870464880971442, 0.8563334756831581, 0.9339841539625616, 1.0170533742131542, 1.0938214231366061, 1.1524561421716786, 1.2367743048167885, 1.4134760817946852], [0.6326616717405342, 0.7149598523179598, 0.7402831629902945, 0.8054533798706891, 0.8784903485813905, 0.9566239099964512, 1.028830691848748, 1.0839815576804155, 1.1632898540573733, 1.329492679869433], [0.651038714548778, 0.7357274258870622, 0.7617863075368385, 0.8288495359887079, 0.9040080232938398, 0.9844111449921003, 1.0587153308446973, 1.1154681742697155, 1.1970801536776978, 1.3681107042931213], [0.6365508990728767, 0.7193549998721219, 0.7448339831834222, 0.8104048277611585, 0.8838907842763523, 0.9625046643138334, 1.03515533047603, 1.0906452309993433, 1.170441067569944, 1.337665609414022], [0.6239981071592381, 0.7051693100261377, 0.7301458474589645, 0.7944236341386054, 0.8664604466465352, 0.943524059958965, 1.0147420540503977, 1.0691376930219763, 1.1473599546694964, 1.3112868263984594], [0.6143171490302012, 0.6942290291407939, 0.7188180705054094, 0.782098625696151, 0.8530178300613039, 0.9288858474172871, 0.9989989368448707, 1.0525506599499679, 1.1295593499037924, 1.2909429940760935], [1.4510536435688781, 1.6398102572853777, 1.6978910354637466, 1.8473634705431603, 2.0148788492942127, 2.1940836186686945, 2.3596949059921486, 2.486187261046399, 2.6680863669404284, 3.0492841330427196], [8.080124512471835, 9.131206909143733, 9.45462701255785, 10.286957293369207, 11.21975886418731, 12.217652261300634, 13.13985098784326, 13.844217765215005, 14.857114449527897, 11.764121133175045]]
整体社会福利 [101.49030436651722, 97.61976396859333, 102.13843788962532, 105.40003984130976, 108.88776973382708, 112.55755051673272, 115.85668370588279, 119.26511044007592, 81.16002206370884, -99.42595436735272]
