n_v=2-13

用户平均效益值变化 [12.612048664658744, 17.3062766322444, 21.420206645290502, 24.678437671202808, 27.77871597309569, 27.07538272800724, 31.370542790593333, 15.502124581573787, 15.678260637179026, 12.896833526633165, 13.051489673384747]
Cloud平均效益值变化 [40.42915844150403, 18.323383380350077, 11.063425437925462, 7.312774080774548, 5.161864033212043, 3.7834185755935206, 3.9128781743096743, 1.0093714842023027, 0.5055462962962988, 0.27846379993113196, 0.021981734664352364]
ECSPS平均效益值变化 [121.1513417582175, 69.05388613291575, 46.704420113626384, 35.80695017295861, 28.321599979605498, 21.043533262722097, 20.46259605687613, 7.219341693845946, 4.305963107862114, 2.6531432921680564, 2.457797025217945]
VOP平均效益值变化 [38.19786247641518, 20.717109165909978, 23.393920047761103, 20.903878898352925, 19.569025767559992, 13.691175673631722, 14.608197106291147, 2.8643224460217764, 2.1255898669988063, 1.1455518231142356, 0.7940543473715003]
用户平均资源购买情况 [3.331846053489887, 4.312136500046026, 4.779305777801169, 5.1577946198722975, 5.565585983981476, 4.856371644356666, 5.734804648695678, 2.432945234958278, 2.4388532163742687, 1.954968423733129, 1.8935330337690623]
Cloud平均资源购买情况 [8.563950658158912, 3.1163144478696196, 1.9285653145121628, 2.070784185735258, 1.5733221745877568, 0.0, 0.0, 0.0, 0.0, 0.0, 0.0]
ECSPS平均资源购买情况 [10.941549542529131, 6.686587043469977, 5.141617859147189, 4.048837416210226, 3.38076271240768, 2.5376523591249858, 2.296970804698832, 0.8962708507894512, 0.7645662875964445, 0.519635817427945, 0.47027013346025665]
Cloud平均定价值变化 [3.5000000000000018, 2.500000000000001, 2.0000000000000004, 1.7000000000000004, 1.5000000000000002, 1.4000000000000001, 1.3, 1.0999999999999999, 0.8999999999999999, 0.7999999999999999, 0.7999999999999999]
ECSPS平均定价值变化 [[3.5000000000000018, 7.29999999999999], [2.500000000000001, 5.099999999999998, 3.550000000000002], [2.0000000000000004, 4.200000000000001, 2.9500000000000015, 4.6], [1.7000000000000004, 3.700000000000002, 2.6500000000000012, 4.100000000000001, 4.000000000000002], [1.5000000000000002, 3.4000000000000017, 2.350000000000001, 3.700000000000002, 3.600000000000002, 3.600000000000002], [1.4000000000000001, 3.1000000000000014, 2.250000000000001, 3.2000000000000015, 3.2000000000000015, 3.2000000000000015, 3.1000000000000014], [1.3, 2.9000000000000012, 2.0500000000000007, 3.2000000000000015, 3.2000000000000015, 3.2000000000000015, 3.1000000000000014, 3.1000000000000014], [1.0999999999999999, 2.400000000000001, 1.6500000000000004, 2.400000000000001, 2.500000000000001, 2.400000000000001, 2.3000000000000007, 2.400000000000001, 2.3000000000000007], [0.8999999999999999, 1.7000000000000002, 1.25, 1.9000000000000006, 1.9000000000000004, 1.9000000000000004, 1.8000000000000005, 1.9000000000000004, 1.8000000000000005, 1.8000000000000005], [0.7999999999999999, 1.5000000000000002, 1.0499999999999998, 1.6000000000000003, 1.7000000000000004, 1.6000000000000003, 1.6000000000000003, 1.6000000000000003, 1.6000000000000003, 1.5000000000000002, 1.6000000000000003], [0.7999999999999999, 1.5000000000000002, 1.25, 1.6000000000000003, 1.7000000000000004, 1.6000000000000003, 1.5000000000000002, 1.7000000000000004, 1.6000000000000003, 1.5000000000000002, 1.5000000000000002, 1.6000000000000003]]
VOP的平均定价值变化 [2.680497094687759, 1.8470819009100137, 1.9042178401621928, 1.7985552098685365, 1.7427181587573586, 1.4078833010427407, 1.4507712985705932, 0.6202306679157379, 0.5659718074875235, 0.41620568836634975, 0.39405810334059405]
p_m值变化 [[0.19029064498394527, 0.3838236760008102, 0.38384456285298035, 0.9084075318043576, 0.9424454708077379, 1.627027098201077, 2.093521575288506, 2.203504391586151, 2.6175042461686413, 3.383737953099876], [0.15990104415546785, 0.3225257456969056, 0.3225446556770563, 0.763333973638216, 0.7919360207225585, 1.3671892973041788, 1.7591841533063337, 1.8516026070176874, 2.199486282715656, 2.8433517224263474], [0.16808128376204068, 0.33902650876523516, 0.339044982637633, 0.8023847108294778, 0.8324499853719283, 1.4371321481860142, 1.8491807309388457, 1.9463271406145952, 2.3120078972350484, 2.9888122936551396], [0.16285476353835227, 0.32848466078419736, 0.3285021935818513, 0.7774344002365349, 0.8065647892170129, 1.3924442425198738, 1.7916800944159572, 1.8858057175801766, 2.240115559919677, 2.8958745919410855], [0.16350523488388405, 0.3297968650411003, 0.32981420517018545, 0.7805396123269984, 0.809786353343513, 1.3980059150228756, 1.7988363870339934, 1.8933379649410664, 2.2490629847974817, 2.907441236856644], [0.1253891874704958, 0.25292417970944486, 0.25292417970944486, 0.5985815480778047, 0.621010341228221, 1.072105212567391, 1.3794948030877323, 1.4519663424660447, 1.7247653830251939, 2.229663676542038], [0.13418089350943288, 0.27065804562725343, 0.2706580456272534, 0.6405512993553638, 0.664552695057599, 1.1472762385693145, 1.4762185560336751, 1.5537714623404824, 1.8456979015269204, 2.3859973126816434], [0.025856117839662227, 0.0521547154662446, 0.052154715466244596, 0.1234316559184093, 0.12805662821783528, 0.22107551114948598, 0.2844613710909551, 0.29940550383468373, 0.3556585530930486, 0.4597720738644282], [0.023228974873944395, 0.04685547082651064, 0.046855470826510634, 0.11089022921994601, 0.11504527546479473, 0.1986128592691667, 0.25555832018771046, 0.2689840357637923, 0.319521424087452, 0.41305636127459855], [0.012983245892508146, 0.026188676101767686, 0.026188676101767682, 0.06197927893296998, 0.06430163656538207, 0.1110096163648672, 0.1428378363177403, 0.150341799258553, 0.17858838968847446, 0.2308673686632715], [0.012654851200949018, 0.025526266848951772, 0.02552626684895174, 0.060411591903334755, 0.06267520845322401, 0.10820176931120601, 0.13922493492244248, 0.1465390946649008, 0.17407122351652124, 0.2250278722113872]]
f_m变化 [[0.7080972137119895, 1.038114484571681, 1.038145500582467, 1.684467491119595, 1.721036706183878, 2.385258486816927, 2.772785669089573, 2.8609208536894335, 3.1922806436615456, 3.7991278201461283], [0.6490973203737211, 0.9516155435218717, 0.9516461763603069, 1.5441147254494, 1.5776369298116553, 2.1865145946207374, 2.5417523370014963, 2.6225439444906926, 2.9262942595399197, 3.482577872163647], [0.6654935408198649, 0.9756548291299424, 0.9756840181778341, 1.583119116066863, 1.6174880924543789, 2.241746027838596, 2.605957087705108, 2.688789493954387, 3.000212552319309, 3.5705479079665694], [0.6550650057065753, 0.9603663328432054, 0.9603944759873436, 1.5583110416412513, 1.5921414431890721, 2.206617020970113, 2.5651207559814706, 2.6466551471425417, 2.953198088571624, 3.5145960738044555], [0.6563719259738271, 0.9622826339561616, 0.9623104124115945, 1.5614200281773378, 1.5953179247631268, 2.211019442839157, 2.5702384286929356, 2.651935489127068, 2.9590900144133965, 3.521608044830298], [0.5747966263672049, 0.8427039466505373, 0.8427039466505373, 1.3673634246421251, 1.3970484185113377, 1.9362292418139184, 2.250803727749555, 2.322347303675637, 2.591328010987366, 3.0839351036424123], [0.5946062997534147, 0.8717467231364113, 0.8717467231364113, 1.4144879580855514, 1.4451960095129428, 2.0029590504482844, 2.3283749671372718, 2.4023842062335334, 2.6806350096359672, 3.190219212394984], [0.261015216087592, 0.3826719619476986, 0.3826719619476986, 0.6209198930218307, 0.6343998522524569, 0.8792419279515958, 1.0220902392596702, 1.0545781855582546, 1.176722356595042, 1.4004152956929414], [0.24739971131431843, 0.36271039801056637, 0.36271039801056637, 0.5885304488584598, 0.6013072442965716, 0.8333774651577109, 0.9687742880291249, 0.9995675446673418, 1.115340230666947, 1.327364530956399], [0.18495914433637717, 0.27116686798679573, 0.27116686798679573, 0.43999278599992736, 0.4495448794079575, 0.6230435033489393, 0.7242678757264157, 0.7472893027478038, 0.8338424229040592, 0.9923544638103352], [0.18260500963007564, 0.26771549315795345, 0.2677154931579533, 0.4343926179641099, 0.4438231336329568, 0.615113490804645, 0.7150494932072687, 0.7377779066524204, 0.8232293905266221, 0.9797239118438936]]
整体社会福利 [532.741519286025, 574.0043002095452, 638.6157334080766, 693.5073831872021, 745.0729451071068, 702.5035630728312, 805.7198213731668, 377.88088932211105, 358.7504336892004, 288.2667985696262, 291.31741211768184]
