0-12
用户平均效益值变化 [17.053162058091115, 17.053162058091115, 17.053162058091115, 13.851443606601133, 17.040820395583093, 15.512260684372617, 15.512260684372617, 15.512260684372617, 18.015145774976283, 13.814804478913114, 15.678260637179026, 15.678260637179022, 17.040820395583093]
ECSPS平均效益值变化 [6.146974625587843, 6.155629520621515, 6.164083606312543, 5.041426995464485, 6.145471700126887, 4.355758475089335, 4.362037454912222, 4.369830881183058, 8.172032301652141, 5.030165334335355, 4.305963107862114, 4.3111010692541125, 6.180037457720861]
VOP平均效益值变化 [-18.950660699131095, -4.584463825769855, -1.623031571121444, -0.25543077809287884, -0.22685305607631845, 0.42803484036531825, 0.7533149005304751, 1.2525930100308313, 3.052256424828065, 1.7129980823179507, 2.1255898669988063, 2.1049306500970255, 3.734250001140272]
用户平均资源购买情况 [0.2636927698190074, 0.2636927698190074, 0.2636927698190074, 0.21047770916319003, 0.2632471745809121, 0.2415157309941521, 0.2415157309941521, 0.2415157309941521, 0.28319580757406854, 0.20760546013126643, 0.24388532163742688, 0.24388532163742685, 0.2632471745809121]
ECSPS平均资源购买情况 [2.6645352591003756e-16, 0.11685018949412704, 0.21147669987009401, 0.23377966517040938, 0.39012875771019234, 0.42371871558813845, 0.48357703748695685, 0.5525970683931036, 0.7426884977651775, 0.6214060435201425, 0.7645662875964445, 0.7995484006162537, 1.0099764999309613]
ECSPS平均定价值变化 [1.9950000000000006, 1.9950000000000006, 1.9950000000000006, 1.9550000000000005, 1.9950000000000006, 1.705, 1.705, 1.705, 2.295000000000001, 1.9550000000000005, 1.685, 1.6850000000000005, 1.9950000000000006]
VOP的平均定价值变化 [0.9528513048676132, 0.7827978307509683, 0.7343712704545898, 0.5605289134241243, 0.7100976984911876, 0.6170730738042878, 0.6046116954212227, 0.5910309397339202, 0.6714278717431044, 0.5091574911761965, 0.5659718074875235, 0.5600568889484847, 0.6040615746873343]
p_m值变化 [[], [0.5181917676535586], [0.23774920980888184, 0.47952854741983936], [0.14730064584648392, 0.2457994457819712, 0.28167643819222166], [0.18062754871030107, 0.3551736794896114, 0.3966255234563139, 0.48813106156704], [0.08259830141604188, 0.2187084313808798, 0.21870843138087975, 0.30594028328374845, 0.38590550641758936], [0.06918276217562136, 0.22581285533723996, 0.22581285533723996, 0.27397321218779525, 0.29755497970220474, 0.3997350607644357], [0.05779490784748885, 0.15862119998704954, 0.15862119998704952, 0.15862119998704954, 0.25535274297519195, 0.329269880311792, 0.3881665701853143], [0.05527221214589202, 0.06234450034152535, 0.062344500341525354, 0.09956316097726828, 0.19782862641266413, 0.3255422197582655, 0.4153438775090853, 0.459553874303479], [0.045915941289446295, 0.04591594128944633, 0.04591594128944633, 0.07344456180478544, 0.12097288280970755, 0.140673694685016, 0.140673694685016, 0.2273985345343556, 0.2861405379284029], [0.023228974873944395, 0.04685547082651064, 0.046855470826510634, 0.11089022921994601, 0.11504527546479473, 0.1986128592691667, 0.25555832018771046, 0.2689840357637923, 0.319521424087452, 0.41305636127459855], [0.02490258826411953, 0.09278404470565252, 0.09278404470565255, 0.09606973247802336, 0.15645616541261972, 0.1564561654126197, 0.1806592629730277, 0.197392686295636, 0.2644417768043663, 0.3520756623837124, 0.4488715263964055], [0.008989409884896823, 0.04683257084680978, 0.04683257084680986, 0.04683257084680988, 0.08277932516946523, 0.09850401027760239, 0.14685997250168084, 0.19763907544558756, 0.19763907544558745, 0.19763907544558756, 0.3111537010522232, 0.4982035547615629]]
f_m变化 [[], [1.1685018949412693], [0.7914868568203487, 1.1603420491991705], [0.6229977697274773, 0.825484357516138, 0.8899654938391559], [0.6898841393551757, 0.9978392527998765, 1.0599459584082895, 1.1960131356217474], [0.4665194174227117, 0.7892611664047166, 0.7892611664047164, 0.9568483596038779, 1.0991507005205703], [0.4269559942346608, 0.8054105715868114, 0.8054105715868114, 0.9001353288164797, 0.9468493090884117, 1.1417646847002065], [0.3902374581979971, 0.6726916167155542, 0.6726916167155542, 0.6726916167155542, 0.898015263737311, 1.0492521032465425, 1.1633126920076273], [0.38162567872823977, 0.4082856733851082, 0.40828567338510824, 0.539953605734061, 0.8068950065515013, 1.076992306474696, 1.2428610449630688, 1.3207171400722746], [0.347829099463447, 0.34782909946344714, 0.34782909946344714, 0.4618786020421722, 0.6222752725843362, 0.6824352942382119, 0.6824352942382119, 0.9258754634835956, 1.0685712240709517], [0.24739971131431843, 0.36271039801056637, 0.36271039801056637, 0.5885304488584598, 0.6013072442965716, 0.8333774651577109, 0.9687742880291249, 0.9995675446673418, 1.115340230666947, 1.327364530956399], [0.2561571074161552, 0.5174417102028691, 0.5174417102028692, 0.5279848503200085, 0.7068998561706962, 0.7068998561706961, 0.7767980859182214, 0.823990217837999, 1.0019011758114704, 1.2202639024639614, 1.4453750311937459], [0.15390394705574872, 0.3692849340183284, 0.36928493401832874, 0.36928493401832885, 0.5175827210211495, 0.5749275759173881, 0.7333090711704208, 0.8757792119996075, 0.8757792119996073, 0.8757792119996075, 1.2127236114920619, 1.6790117324948013]]
整体社会福利 [383.5823267185696, 398.03507254226764, 401.0810456538263, 327.18771130857465, 402.04427185685444, 354.23083327871103, 354.61890313710506, 355.19611550931376, 445.07549494087505, 328.3107410039338, 358.7504336892004, 358.7811540862186, 406.35103249001077]
