U_C_t=[2.141622534769942,2.7165050218061344,2.970607362798039,3.1385755854899697,3.360297842668812,3.4421896736626056,3.5574389158368795]
U_M1=[3.84791409435387,5.572737410729378,6.65297595250083,7.472489776635923,8.088558238482555,8.524538290512684,8.982054292382697]
U_M2=[4.709129070607753,7.104747879968234,8.758313430563785,10.009051063365156,10.997727864736433,11.800168550426273,12.488093643070632]
U_Vop=[0.7126600016906195,1.1928068463221584,1.601926878972256,1.812577300993521,1.8893727004645555,2.131764182543114,2.0753694785711225]

P_0_v=[5.399999999999995,5.999999999999993,6.299999999999992,6.499999999999991,6.69999999999999,6.79999999999999,6.89999999999999]
P_1_v=[4.499999999999998,5.199999999999996,5.499999999999995,5.799999999999994,5.999999999999993,6.0999999999999925,6.299999999999992]
P_2_v=[4.1499999999999995,4.749999999999997,5.149999999999996,5.449999999999995,5.649999999999994,5.849999999999993,5.949999999999993]
p_j_vop_v=[[3.346092980088082, 2.346092980088077, 2.046012658802936],[4.381223986481144, 3.1535316787888243, 2.8669818812179724],[5.089421336658177, 3.84266808990491, 3.4130829177954616],[5.492508942262496, 4.145028836161672, 3.7260728095877997],[5.486914826691605, 4.404825274452771, 4.0004004956917045],[5.722890274434905, 4.771106282149422, 4.183161767647521],[5.70838041395389, 4.722873167577029, 4.390324147969176]]



F_0_v = [0.7777777777777799, 0.9983333333333385, 1.1428571428571521, 1.230769230769244, 1.194029850746282, 1.2352941176470797, 1.2173913043478497]
F_1_v = [1.333333333333335, 1.7673076923076962, 2.1818181818181897, 2.3448275862069075, 2.5000000000000133, 2.7540983606557563, 2.6666666666666883]
F_2_v = [1.614457831325302, 2.313684210526319, 2.7378640776699075, 3.009174311926616, 3.274336283185853, 3.3846153846153997, 3.64705882352943]
f_j_vop_v = [    [0.22009561442976622, 0.16028684328929654, 0.016010441635508688],
    [0.2681293355864811, 0.19054185291328407, 0.07385461582477859],
    [0.2946202534141227, 0.2604841368657347, 0.0713930481422036],
    [0.31535107372549454, 0.2723131681260713, 0.09817992943614806],
    [0.27954404629768137, 0.29758736277362763, 0.14902339592670932],
    [0.281479071907929, 0.36854521958104547, 0.11652025364077456],
    [0.26599456868886806, 0.305230082878174, 0.21711808292851176]
]



------------------------------------------user=10
已达到纳什均衡
stageI阶段合同为f_m, p_m： [[0.040190284296620186, 0.026579832191261688, 0.051577531513995925, 0.04584669467910749, 0.044112362479075434, 0.0584164478312807, 0.058222468673328344, 0.06115912827746551]] [[0.008869528154357568, 0.000960495830478188, 0.006815520092166798, 0.008148037623142413, 0.006011135309138641, 0.00824793936113183, 0.012965028101035695, 0.002869039012979431]]
P_0_v,P_1_v,P_2_v,p_j_vop_v= [5.399999999999995] , [4.499999999999998] , [4.1499999999999995] , [[3.352652137957765, 2.3526521379577603, 2.052571816672619]]
F_0_v,F_1_v,F_2_v,f_j_vop_v= [0.7777777777777799] , [1.333333333333335] , [1.614457831325302] , [[0.21900242145148574, 0.1570072643544549, 0.010886099549818784]]
U_user_v,U_C_t_v, U_M1_t_v, U_M2_t_v, U_vop_v= [0.9133731311130552] , [2.1401824781011354] , [3.8468735032822923] , [4.709040861277861] , [0.6868731259096648]
用户平均效益值 [0.9133731311130552]
整体社会效益为 20.516701279701504

------------------------------------------user=20
已达到纳什均衡
stageI阶段合同为f_m, p_m： [[0.05240318771677501, 0.039284969515069025, 0.07033880256031409, 0.06534701657216278, 0.061424390950565344, 0.07959267987825853, 0.07640216311653465, 0.0834056947355503]] [[0.012332499805711746, 0.002479571084323881, 0.011541646949599952, 0.02448739345025096, 0.011582526046482897, 0.011503141075951745, 0.01189807073823234, 0.01602968277934014]]
P_0_v,P_1_v,P_2_v,p_j_vop_v= [5.999999999999993] , [5.199999999999996] , [4.749999999999997] , [[4.385094912259188, 3.157402604566868, 2.870852806996016]]
F_0_v,F_1_v,F_2_v,f_j_vop_v= [0.9983333333333385] , [1.7673076923076962] , [2.313684210526319] , [[0.2674841812901405, 0.18860639002426227, 0.07083045506068197]]
U_user_v,U_C_t_v, U_M1_t_v, U_M2_t_v, U_vop_v= [0.5184290016265666] , [2.715468361721361] , [5.572003583375734] , [7.104467847382941] , [1.1569573848783843]
用户平均效益值 [0.5184290016265666]
整体社会效益为 26.917477209889757

------------------------------------------user=30
已达到纳什均衡
stageI阶段合同为f_m, p_m： [[0.06443094832944293, 0.06649806877167086, 0.08380867715032805, 0.07486631209458587, 0.07685197255164286, 0.09451514245385033, 0.0808497990865361, 0.09937787804386726]] [[0.022133506156939698, 0.017728318948837814, 0.014890345325103247, 0.020610928930707036, 0.022159435955250925, 0.009099730600149144, 0.005604813655146327, 0.034422393093122325]]
P_0_v,P_1_v,P_2_v,p_j_vop_v= [6.299999999999992] , [5.499999999999995] , [5.149999999999996] , [[5.084869395969244, 3.838116149215977, 3.408530977106529]]
F_0_v,F_1_v,F_2_v,f_j_vop_v= [1.1428571428571521] , [2.1818181818181897] , [2.7378640776699075] , [[0.29537891019561135, 0.26276010721020104, 0.07494925180543222]]
U_user_v,U_C_t_v, U_M1_t_v, U_M2_t_v, U_vop_v= [0.3612438639457137] , [2.9719501833976754] , [6.65416684088326] , [8.758646501298605] , [1.5927380566893272]
用户平均效益值 [0.3612438639457137]
整体社会效益为 30.81481750064028

------------------------------------------user=40
已达到纳什均衡
stageI阶段合同为f_m, p_m： [[0.06892354471136967, 0.07627538948058243, 0.09080403509593149, 0.08050173032251448, 0.08509185067558005, 0.0990589473773799, 0.05383638444422821, 0.10767276888845631]] [[0.023692328331349724, 0.03134344211729456, 0.01150514256398401, 0.02196236449376631, 0.029868004257547, 0.0019945556300611593, 0.0007911903024008368, 0.05106554238309181]]
P_0_v,P_1_v,P_2_v,p_j_vop_v= [6.499999999999991] , [5.799999999999994] , [5.449999999999995] , [[5.486853840448671, 4.139373734347846, 3.720417707773973]]
F_0_v,F_1_v,F_2_v,f_j_vop_v= [1.230769230769244] , [2.3448275862069075] , [3.009174311926616] , [[0.3162935906944655, 0.27514071903298465, 0.10259797772820001]]
U_user_v,U_C_t_v, U_M1_t_v, U_M2_t_v, U_vop_v= [0.2583000754930311] , [3.140361592933697] , [7.4740377303710535] , [10.009618773118648] , [1.8782937409117766]
用户平均效益值 [0.2583000754930311]
整体社会效益为 32.83431485705641

------------------------------------------user=50
已达到纳什均衡
stageI阶段合同为f_m, p_m： [[0.01646217852653404, 0.04922514167247925, 0.09563741810653116, 0.09064646680901121, 0.0891124094584098, 0.10485600888792826, 0.06048216164839921, 0.11340405309074841]] [[0.0003033312171844204, 0.003731762626320953, 0.05951624459123255, 0.05231918829507487, 0.02622980756850785, 0.0021568085938448926, 0.0008797578849411578, 0.047761713981635034]]
P_0_v,P_1_v,P_2_v,p_j_vop_v= [6.69999999999999] , [5.999999999999993] , [5.649999999999994] , [[5.47215710375132, 4.390067551512487, 3.98564277275142]]
F_0_v,F_1_v,F_2_v,f_j_vop_v= [1.194029850746282] , [2.5000000000000133] , [3.274336283185853] , [[0.2820036667877288, 0.3049662242437696, 0.16055286697380655]]
U_user_v,U_C_t_v, U_M1_t_v, U_M2_t_v, U_vop_v= [0.1975595625304096] , [3.3644414254525445] , [8.093004397929494] , [11.000012185094821] , [1.978708149684983]
用户平均效益值 [0.1975595625304096]
整体社会效益为 34.31414428468233

------------------------------------------user=60
已达到纳什均衡
stageI阶段合同为f_m, p_m： [[0.0836588291705381, 0.05476343556829174, 0.10496325150589254, 0.09330066800523784, 6.394953404616135e-16, 0.11749161037621775, 0.11704125922911976, 0.12446235356429947]] [[0.040939062458846764, 0.0035439420574795545, 0.05129032470396936, 0.02581054000594753, 0.0, 0.010663246465054713, 0.06079604902855979, 0.03416256524285639]]
P_0_v,P_1_v,P_2_v,p_j_vop_v= [6.79999999999999] , [6.0999999999999925] , [5.749999999999994] , [[5.78025491234623, 4.828470920060747, 4.411763863752825]]
F_0_v,F_1_v,F_2_v,f_j_vop_v= [1.2352941176470797] , [2.7540983606557563] , [3.6521739130434905] , [[0.27191829892270813, 0.3398629006253828, 0.20548339448659636]]
U_user_v,U_C_t_v, U_M1_t_v, U_M2_t_v, U_vop_v= [0.17089347036862784] , [3.426316953763216] , [8.50421950285814] , [11.760028663339721] , [2.3016735902774905]
用户平均效益值 [0.17089347036862784]
整体社会效益为 36.24584693235623


------------------------------------------user=70
已达到纳什均衡
stageI阶段合同为f_m, p_m： [[0.017806644139339103, 0.08288313476905236, 0.10344812309520822, 0.08536693252555867, 0.08292008633672014, 0.11740908874723567, 0.11109351723253028, 0.12266575861091883]] [[0.0003925850005735436, 0.03317844684495394, 0.017072142195960264, 0.021170084412153293, 0.0211403052643171, 0.07619714473527275, 0.019732976283913583, 0.033981221157274574]]
P_0_v,P_1_v,P_2_v,p_j_vop_v= [6.89999999999999] , [6.299999999999992] , [5.949999999999993] , [[5.69660322322553, 4.711095976848669, 4.378546957240816]]
F_0_v,F_1_v,F_2_v,f_j_vop_v= [1.2173913043478497] , [2.6666666666666883] , [3.64705882352943] , [[0.2679574338102614, 0.31111867824235384, 0.22631901318504255]]
U_user_v,U_C_t_v, U_M1_t_v, U_M2_t_v, U_vop_v= [0.12774039120566688] , [3.5605831431234916] , [8.98568372084015] , [12.490704864699113] , [2.2001863139125653]
用户平均效益值 [0.12774039120566688]
整体社会效益为 36.17898542697201
