-------------------v_number=(0,5,10),ecsp_number=(1,10)
已达到纳什均衡
用户平均效益值 4.707645142847891
车辆整体效益值 0.49779979766874355
整体社会效益为 131.8787893926613
用户平均效益值变化 [2.929951276545613, 3.597391751314639, 4.175266524166441, 4.707645142847891, 2.929951276545613, 3.597391751314639, 4.175266524166441, 4.707645142847891, 2.929951276545613, 3.597391751314639, 4.175266524166441, 4.707645142847891]
ECSPS平均效益值变化 [16.305832031250006, 8.538168192289337, 5.50812814912772, 3.721503204139756, 16.305832031250006, 8.538168192289337, 5.50812814912772, 3.721503204139756, 16.305832031250006, 8.538168192289337, 5.50812814912772, 3.721503204139756]
VOP平均效益值变化 [-7.38855274664109, -9.976811723330647, -11.199531978344316, -31.99959503851192, 3.471747617689428, 2.589803864227175, 2.521774455974078, 0.9274024161869119, 5.000613308441249, 4.257808753962195, 4.1024486020191375, 3.734557900776924]
用户平均资源购买情况 [2.7314583333333333, 3.0563841948175274, 3.2605377271681606, 3.6342727072310446, 2.7314583333333333, 3.0563841948175274, 3.2605377271681606, 3.6342727072310446, 2.7314583333333333, 3.0563841948175274, 3.2605377271681606, 3.6342727072310446]
ECSPS平均资源购买情况 [0.0, 0.0, 0.0, 0.0, 0.0, 0.0, 0.0, 0.0, 0.0, 0.0, 0.0, 0.0]
ECSPS平均定价值变化 [1.8833333333333337, 1.7700000000000002, 1.6071428571428577, 1.4722222222222223, 1.8833333333333337, 1.7700000000000002, 1.6071428571428577, 1.4722222222222223, 1.8833333333333337, 1.7700000000000002, 1.6071428571428577, 1.4722222222222223]
VOP的平均定价值变化 [1.2583867289596864, 1.1764939767015623, 1.0980156708409872, 1.2482287254520643, 1.0028430849509247, 0.9288896897305644, 0.8637951467870616, 0.8558796828146095, 0.910283910400642, 0.8486580958311203, 0.7915948887646647, 0.7792955299530422]
p_m值变化 [[], [], [], [], [0.1661643797761006, 0.43996953347883777, 0.4399901913436093, 0.615465730823511, 0.7763331031289609], [0.1488925546662456, 0.3942364998659327, 0.3942565775498626, 0.5514916746628834, 0.6956378151129529], [0.14221005176107487, 0.3765517790807478, 0.3765517790807479, 0.5267394459171031, 0.6644161090686875], [0.1370899165871923, 0.3629895957600117, 0.36299965126083106, 0.5077749765282537, 0.6404947247719558], [0.044967750568406746, 0.09069940793694922, 0.090707760240391, 0.21466660458414144, 0.22271014004588624, 0.38448422971243224, 0.49472195206066777, 0.5207120886251881, 0.6185447603142917, 0.7996141250920321], [0.04220066942463467, 0.08511827452249973, 0.08512605990994458, 0.20145713961285705, 0.20900571779912955, 0.3608250726299577, 0.4642793397466902, 0.48867017868340634, 0.5804827373436416, 0.7504100365597728], [0.03927374072642598, 0.07921957911793645, 0.07921957911793642, 0.18748455905228648, 0.19450958748389158, 0.33579914663478483, 0.4320780947932035, 0.4547772485640065, 0.5402219268928995, 0.6983635104920538], [0.03895622771162997, 0.07857906318211169, 0.07857914659012917, 0.18596881928176842, 0.19293705307361955, 0.33308434074602805, 0.42858491081960626, 0.45110055070520805, 0.5358544418334762, 0.6927175118496498]]
f_m变化 [[], [], [], [], [0.6616878068758211, 1.1194354420682782, 1.119463889662438, 1.357145852742364, 1.5589803752894587], [0.6263551565641888, 1.0596590396168437, 1.059688247909062, 1.2846772968183362, 1.4757343068710678], [0.6121379625177472, 1.0356197496911372, 1.0356197496911375, 1.2555173127030737, 1.4422376544017799], [0.6010172299189087, 1.016798577933843, 1.0168138230312758, 1.2327082840809054, 1.4160364705500057], [0.34421892825313327, 0.504639524703947, 0.5046650387131169, 0.8188502697685641, 0.8366272300117742, 1.1595175126232966, 1.3479015208748857, 1.39074563633937, 1.5518256541132802, 1.846825098621653], [0.33346006961792857, 0.48886669114368525, 0.48889124069521006, 0.7932564003653088, 0.8104777264277057, 1.1232757955664583, 1.3057716996275026, 1.3472766854166607, 1.503322008704185, 1.7891009918711769], [0.3216883260262287, 0.47162423977159, 0.47162423977158996, 0.7652530146577651, 0.781866396761691, 1.0836221282973262, 1.25967559686196, 1.2997153815820757, 1.4502520227160536, 1.7259424908845535], [0.3203853242222471, 0.4697137427245534, 0.46971401646507455, 0.7621533496157699, 0.7786994390481864, 1.0792329059545458, 1.2545732681718946, 1.2944508713407994, 1.444377762293955, 1.7189515434449256]]
整体社会福利变化 [[100.12796887802119, 104.66186426440885, 110.86269554887856, 95.64683665570371,107.3944723963042], [110.98826924235172,
                  117.22847985196667, 124.58400198319696, 128.57383411040254,136.76023540162637], [112.51713493310353, 118.89648474170168,
                  126.16467612924201, 131.38098959499257,145.37739970236356]]

---------------------v_number=(0,5,10),user_number=(5, 55, 5)
已达到纳什均衡
用户平均效益值 2.078133755507903
车辆整体效益值 1.6683729926494177
整体社会效益为 245.18100872077667
用户平均效益值变化 [4.110568881255115, 3.475201064544291, 3.129057149741219, 2.929951276545613, 2.600440260065824, 2.4234626008892755, 2.2936640407901097, 2.224778944447052, 2.160168791453251, 2.078133755507903, 4.110568881255115, 3.475201064544291, 3.129057149741219, 2.929951276545613, 2.600440260065824, 2.4234626008892755, 2.2936640407901097, 2.224778944447052, 2.160168791453251, 2.078133755507903, 4.110568881255115, 3.475201064544291, 3.129057149741219, 2.929951276545613, 2.600440260065824, 2.4234626008892755, 2.2936640407901097, 2.224778944447052, 2.160168791453251, 2.078133755507903]
ECSPS平均效益值变化 [3.910318982111363, 8.432687150774354, 12.821498525819019, 16.305832031250006, 20.14666258012388, 25.058001621484664, 28.450215556973927, 33.413029785681125, 39.51721280090674, 41.57218455566427, 3.910318982111363, 8.432687150774354, 12.821498525819019, 16.305832031250006, 20.14666258012388, 25.058001621484664, 28.450215556973927, 33.413029785681125, 39.51721280090674, 41.57218455566427, 3.910318982111363, 8.432687150774354, 12.821498525819019, 16.305832031250006, 20.14666258012388, 25.058001621484664, 28.450215556973927, 33.413029785681125, 39.51721280090674, 41.57218455566427]
VOP平均效益值变化 [-6.471955597257514, -4.076056684048186, -6.290118979784248, -7.38855274664109, -8.712700312902271, -7.603510887359755, -13.667740905682994, -14.794431943780648, -12.357702397061118, -19.40907623925107, 0.5080080543465901, 1.4054062459965988, 2.415233675236925, 3.4717475768843498, 4.534128163621768, 5.066902758072313, 6.522793491407453, 7.915830292511807, 8.304534786971946, 10.450346528736253, 0.7283642463445542, 1.9614502296288905, 3.379141897386671, 5.000613251210602, 6.442240894932393, 7.461623541074465, 9.399379041506958, 11.270483289191517, 12.236285957780739, 14.889394285739245]
用户平均资源购买情况 [4.147936507936509, 3.2945362456473553, 2.8917877701748655, 2.7314583333333333, 2.4412488943155584, 2.279009519082112, 2.1409698025551673, 2.022961445853884, 1.946796117645333, 1.8617082967465957, 4.147936507936509, 3.2945362456473553, 2.8917877701748655, 2.7314583333333333, 2.4412488943155584, 2.279009519082112, 2.1409698025551673, 2.022961445853884, 1.946796117645333, 1.8617082967465957, 4.147936507936509, 3.2945362456473553, 2.8917877701748655, 2.7314583333333333, 2.4412488943155584, 2.279009519082112, 2.1409698025551673, 2.022961445853884, 1.946796117645333, 1.8617082967465957]
ECSPS平均资源购买情况 [0.0, 0.0, 0.0, 0.0, 0.0, 0.0, 0.0, 0.0, 0.0, 0.0, 0.0, 0.0, 0.0, 0.0, 0.0, 0.0, 0.0, 0.0, 0.0, 0.0, 0.0, 0.0, 0.0, 0.0, 0.0, 0.0, 0.0, 0.0, 0.0, 0.0]
ECSPS平均定价值变化 [1.1833333333333333, 1.5166666666666668, 1.7500000000000007, 1.8833333333333337, 2.0500000000000007, 2.2500000000000004, 2.350000000000001, 2.5166666666666675, 2.716666666666668, 2.7500000000000013, 1.1833333333333333, 1.5166666666666668, 1.7500000000000007, 1.8833333333333337, 2.0500000000000007, 2.2500000000000004, 2.350000000000001, 2.5166666666666675, 2.716666666666668, 2.7500000000000013, 1.1833333333333333, 1.5166666666666668, 1.7500000000000007, 1.8833333333333337, 2.0500000000000007, 2.2500000000000004, 2.350000000000001, 2.5166666666666675, 2.716666666666668, 2.7500000000000013]
VOP的平均定价值变化 [0.6344239798158681, 0.8019877633607028, 1.041642834700468, 1.2583867289596864, 1.405780224885025, 1.5071003813279011, 1.7232916048824274, 1.8575633922462913, 1.9300241331790715, 2.134942469531619, 0.38111414495346924, 0.6118815932424979, 0.8050429346749497, 1.0028430851852759, 1.126370712465681, 1.2421825487835172, 1.3754454592103398, 1.4925760302084345, 1.591902189869006, 1.7166575831722852, 0.3459745249118504, 0.5560616726393266, 0.7315488165694014, 0.9102839110392681, 1.022965819282606, 1.1263415523651583, 1.2484835393951552, 1.3554714171651465, 1.4434700749462603, 1.558940590240525]
p_m值变化 [[], [], [], [], [], [], [], [], [], [], [0.023949311591736286, 0.06341080459808775, 0.06341819899048123, 0.08870734265865735, 0.11189319530335994], [0.060433448811413486, 0.16001319940902375, 0.16002553053637772, 0.22384303193271718, 0.2823499762173326], [0.10476208641140514, 0.2773871029504949, 0.27740353492603825, 0.3880343645412824, 0.4894568329484562], [0.1661643799588804, 0.43996938234848026, 0.43999035775123646, 0.6154657401588769, 0.7763331126412799], [0.20739121871914593, 0.5491378893405746, 0.5491467949859822, 0.7681677125893429, 0.9689476898596118], [0.26026967085148905, 0.6891434314869476, 0.6891711855412825, 0.9640275644008742, 1.2160003283416172], [0.312641011959148, 0.827812318715368, 0.8278461409380015, 1.1580087519845899, 1.4606833573154892], [0.36457604449611725, 0.9653363935397449, 0.965354355914935, 1.3503732749194373, 1.7033273217652858], [0.42732149810160114, 1.1314668776338572, 1.1315067459720847, 1.582780126611894, 1.9964794201780585], [0.48245065382166785, 1.277448167996299, 1.2774729380139638, 1.786975554660851, 2.254046590293847], [0.006481212285443187, 0.013071371916776361, 0.013074287819967462, 0.03093995614016112, 0.03209927276583387, 0.05541580970975319, 0.07130439811747825, 0.0750503625091386, 0.08915100809746015, 0.11524857750399811], [0.01635462543525396, 0.032985917689141726, 0.0329906806555314, 0.07807355861602783, 0.0809989664469555, 0.13983567960655022, 0.1799287826648915, 0.1893813112693013, 0.2249627375265799, 0.29081707983428373], [0.028350933825322267, 0.057182540981643847, 0.05718921387815168, 0.1353414157710336, 0.1404126443451793, 0.24240677242171968, 0.3119086339078681, 0.32829470242447967, 0.38997551958683396, 0.5041347895907357], [0.04496775074060735, 0.09069889197214966, 0.09070800979532713, 0.21466660933711929, 0.22271014482966622, 0.38448423511571383, 0.49472195788609663, 0.5207120945501442, 0.6185447666138906, 0.799614132085022], [0.056124973462356696, 0.11320332207374513, 0.11321384935885936, 0.26792884582721943, 0.2779681119374333, 0.4798809578028187, 0.6174704338859803, 0.6499091417717061, 0.7720156744066768, 0.9980112637910474], [0.07043472085175626, 0.14206694346783028, 0.14207859508042292, 0.33624056904233535, 0.3488394686481173, 0.6022324603517243, 0.7749020536221198, 0.8156114062288558, 0.9688504905393095, 1.2524664153235323], [0.08460756192882934, 0.1706546207130365, 0.17066708325786917, 0.40389872877419963, 0.4190327729748549, 0.7234133821209718, 0.9308274689404341, 0.9797283381439367, 1.1638021182189877, 1.504487104685929], [0.09866138345264296, 0.1990025977763252, 0.19901531418334156, 0.47098871138880344, 0.48863661074945514, 0.8435766575950951, 1.085443463429644, 1.1424670591658352, 1.357116593859186, 1.754391391998951], [0.11564263436651517, 0.23325461193959882, 0.23326894512317425, 0.5520536317870581, 0.5727390256228388, 0.9887701071158942, 1.2722661783619178, 1.339104475182979, 1.590698734140442, 2.0563510756805323], [0.13056154540531445, 0.26334736738233905, 0.2633622584680245, 0.6232733709406024, 0.6466273614589916, 1.1163300903351296, 1.43639963372607, 1.51186065528633, 1.7959127736467773, 2.3216383390156112]]
f_m变化 [[], [], [], [], [], [], [], [], [], [], [0.25120639066580924, 0.42498055028890347, 0.42500737187267884, 0.5152334797948942, 0.591858923688449], [0.39904590278221624, 0.6750959667860073, 0.6751241242084997, 0.8184577173512171, 0.9401786232308355], [0.5253953635756138, 0.8888548067716292, 0.8888833049222132, 1.07760507495724, 1.2378663360139093], [0.6616878072397473, 1.1194352410379325, 1.1194641259077949, 1.3571458534887904, 1.5589803761468932], [0.7392295997010752, 1.2506293044324346, 1.250640281834639, 1.516186901184641, 1.7416739840021531], [0.82812509957692, 1.401014379844486, 1.40104491806963, 1.6985148173564486, 1.95111767983256], [0.907626443134823, 1.5355137933115997, 1.5355477486688862, 1.8615749759023392, 2.1384281200855058], [0.9801176967320223, 1.6581630155027502, 1.6581797148323614, 2.010257183972704, 2.309222323278937], [1.0611127613291156, 1.7951830068062593, 1.7952172425643285, 2.176381018911639, 2.5000520694070336], [1.1274845931996453, 1.9074779426347772, 1.9074979610271414, 2.312512069576304, 2.656428508995237], [0.13068095202309363, 0.1915748355399583, 0.19159829795595723, 0.3108723083904057, 0.31762124024156474, 0.4402048812540354, 0.5117239045372064, 0.527989453401413, 0.5891426566300034, 0.7011376838944198], [0.20758906244035313, 0.30432866326043884, 0.30435278908296903, 0.49382630014838286, 0.5045471007988737, 0.6992734378384653, 0.8128827034595145, 0.8387208228374764, 0.9358637952976409, 1.11376992735347], [0.27331775861098523, 0.4006918816915677, 0.4007175533909384, 0.6501859775897066, 0.6643012935406579, 0.9206836161761813, 1.0702648584244685, 1.1042840730790786, 1.2321853179014048, 1.4664216725774644], [0.34421892891221345, 0.5046380023886263, 0.5046658548713028, 0.8188502713364266, 0.8366272316136746, 1.159517514843439, 1.3479015234557294, 1.3907456390022477, 1.5518256570845799, 1.846825102157791], [0.3845583455907074, 0.5637786358691217, 0.5638074205466578, 0.9148122871300498, 0.9346725500605457, 1.2954027211715609, 1.5058636708834916, 1.553728738167656, 1.7336859109391183, 2.063256684127082], [0.43080185560837553, 0.6315760376225762, 0.6316044766865834, 1.0248193423642886, 1.047067820966893, 1.4511761412527067, 1.686945222092001, 1.7405661096407126, 1.9421633050959253, 2.3113652799628897], [0.4721595265380737, 0.692210577645534, 0.6922383315750055, 1.1232036472880393, 1.1475880156152447, 1.5904913845127495, 1.84889467626318, 1.907663255246661, 2.1286141056628356, 2.5332600638468623], [0.5098680128771821, 0.7474956320951381, 0.7475218569339172, 1.2129070356753164, 1.2392388339880946, 1.717514179298046, 1.9965545575611554, 2.060016622608586, 2.298613462687665, 2.735576012465714], [0.5520051818812312, 0.8092718385238084, 0.8092991412236088, 1.3131456610796564, 1.341653605782605, 1.8594551981737784, 2.1615563907670055, 2.230263169529971, 2.488578436967359, 2.9616530085695203], [0.5865321297773489, 0.8598918686650625, 0.8599185643128374, 1.395280599859752, 1.4255716660870852, 1.975760832341403, 2.296757920260239, 2.369762186525721, 2.644234617106374, 3.146899166521824]]
整体社会福利变化 [[25.811845755352152, 55.974015413717794, 79.11023384379108, 100.12796887802119, 116.73829392911496, 140.2743720037725, 151.9611471928926, 174.43581519114485, 203.40153162105543, 209.21416520313693, 32.791809406956254, 61.45547834376258, 87.81558649881225, 110.98826920154664, 129.985122405639, 152.94478564920456, 172.15168158998304, 197.1460774274373, 224.06376880508847, 239.07358797112425, 33.01216559895422, 62.011522327394864, 88.779494720962, 112.5171348758729, 131.8932351369496, 155.33950643220672, 175.02826714008256, 200.50073042411702, 227.99551997589728, 243.51263572812726], [25.811845755352152, 55.974015413717794, 79.11023384379108, 100.12796887802119, 116.73829392911496, 140.2743720037725, 151.9611471928926, 174.43581519114485, 203.40153162105543, 209.21416520313693, 32.791809406956254, 61.45547834376258, 87.81558649881225, 110.98826920154664, 129.985122405639, 152.94478564920456, 172.15168158998304, 197.1460774274373, 224.06376880508847, 239.07358797112425, 33.01216559895422, 62.011522327394864, 88.779494720962, 112.5171348758729, 131.8932351369496, 155.33950643220672, 175.02826714008256, 200.50073042411702, 227.99551997589728, 243.51263572812726], [25.811845755352152, 55.974015413717794, 79.11023384379108, 100.12796887802119, 116.73829392911496, 140.2743720037725, 151.9611471928926, 174.43581519114485, 203.40153162105543, 209.21416520313693, 32.791809406956254, 61.45547834376258, 87.81558649881225, 110.98826920154664, 129.985122405639, 152.94478564920456, 172.15168158998304, 197.1460774274373, 224.06376880508847, 239.07358797112425, 33.01216559895422, 62.011522327394864, 88.779494720962, 112.5171348758729, 131.8932351369496, 155.33950643220672, 175.02826714008256, 200.50073042411702, 227.99551997589728, 243.51263572812726]]

