-------------------v_number=(0,5,10),ecsp_number=(3, 12, 2)
已达到纳什均衡
用户平均效益值 5.03133764531347
车辆整体效益值 0.19300217751742638
整体社会效益为 145.570401879881
用户平均效益值变化 [2.929951276545613, 3.597391751314639, 4.175266524166441, 4.707645142847891, 5.03133764531347, 2.929951276545613, 3.597391751314639, 4.175266524166441, 4.707645142847891, 5.03133764531347, 2.929951276545613, 3.597391751314639, 4.175266524166441, 4.707645142847891, 5.03133764531347]
ECSPS平均效益值变化 [16.305832031250006, 8.538168192289337, 5.50812814912772, 3.721503204139756, 3.123787385149774, 16.305832031250006, 8.538168192289337, 5.50812814912772, 3.721503204139756, 3.123787385149774, 16.305832031250006, 8.538168192289337, 5.50812814912772, 3.721503204139756, 3.123787385149774]
VOP平均效益值变化 [-7.38855274664109, -9.976811723330647, -11.199531978344316, -31.99959503851192, -27.593941746612735, 3.471747617689428, 2.589803864227175, 2.521774455974078, 0.9274024161869119, 1.7718212587094553, 5.000613308441249, 4.257808753962195, 4.1024486020191375, 3.734557900776924, 10.388985559446649]
用户平均资源购买情况 [2.7314583333333333, 3.0563841948175274, 3.2605377271681606, 3.6342727072310446, 3.7396985645932963, 2.7314583333333333, 3.0563841948175274, 3.2605377271681606, 3.6342727072310446, 3.7396985645932963, 2.7314583333333333, 3.0563841948175274, 3.2605377271681606, 3.6342727072310446, 3.7396985645932963]
ECSPS平均资源购买情况 [0.0, 0.0, 0.0, 0.0, 0.0, 0.0, 0.0, 0.0, 0.0, 0.0, 0.0, 0.0, 0.0, 0.0, 0.0]
ECSPS平均定价值变化 [1.8833333333333337, 1.7700000000000002, 1.6071428571428577, 1.4722222222222223, 1.4045454545454545, 1.8833333333333337, 1.7700000000000002, 1.6071428571428577, 1.4722222222222223, 1.4045454545454545, 1.8833333333333337, 1.7700000000000002, 1.6071428571428577, 1.4722222222222223, 1.4045454545454545]
VOP的平均定价值变化 [1.2583867289596864, 1.1764939767015623, 1.0980156708409872, 1.2482287254520643, 1.1151785925105102, 1.0028430849509247, 0.9288896897305644, 0.8637951467870616, 0.8558796828146095, 0.768204362899409, 0.910283910400642, 0.8486580958311203, 0.7915948887646647, 0.7792955299530422, 0.605305601829794]
p_m值变化 [[], [], [], [], [], [0.1661643797761006, 0.43996953347883777, 0.4399901913436093, 0.615465730823511, 0.7763331031289609], [0.1488925546662456, 0.3942364998659327, 0.3942565775498626, 0.5514916746628834, 0.6956378151129529], [0.14221005176107487, 0.3765517790807478, 0.3765517790807479, 0.5267394459171031, 0.6644161090686875], [0.1370899165871923, 0.3629895957600117, 0.36299965126083106, 0.5077749765282537, 0.6404947247719558], [0.11761569891188667, 0.31142946735934574, 0.31142946735934557, 0.4356431019382945, 0.5495094338881311], [0.044967750568406746, 0.09069940793694922, 0.090707760240391, 0.21466660458414144, 0.22271014004588624, 0.38448422971243224, 0.49472195206066777, 0.5207120886251881, 0.6185447603142917, 0.7996141250920321], [0.04220066942463467, 0.08511827452249973, 0.08512605990994458, 0.20145713961285705, 0.20900571779912955, 0.3608250726299577, 0.4642793397466902, 0.48867017868340634, 0.5804827373436416, 0.7504100365597728], [0.03927374072642598, 0.07921957911793645, 0.07921957911793642, 0.18748455905228648, 0.19450958748389158, 0.33579914663478483, 0.4320780947932035, 0.4547772485640065, 0.5402219268928995, 0.6983635104920538], [0.03895622771162997, 0.07857906318211169, 0.07857914659012917, 0.18596881928176842, 0.19293705307361955, 0.33308434074602805, 0.42858491081960626, 0.45110055070520805, 0.5358544418334762, 0.6927175118496498], [0.015097601050234222, 0.02782690409508944, 0.031771278570875465, 0.07209680027049543, 0.07479735984707685, 0.12911185490581575, 0.16612338275994562, 0.17484938546482443, 0.20769600616900444, 0.2684887520208348]]
f_m变化 [[], [], [], [], [], [0.6616878068758211, 1.1194354420682782, 1.119463889662438, 1.357145852742364, 1.5589803752894587], [0.6263551565641888, 1.0596590396168437, 1.059688247909062, 1.2846772968183362, 1.4757343068710678], [0.6121379625177472, 1.0356197496911372, 1.0356197496911375, 1.2555173127030737, 1.4422376544017799], [0.6010172299189087, 1.016798577933843, 1.0168138230312758, 1.2327082840809054, 1.4160364705500057], [0.5566943495456887, 0.9418198155195484, 0.9418198155195482, 1.1418004380316884, 1.3116088236142056], [0.34421892825313327, 0.504639524703947, 0.5046650387131169, 0.8188502697685641, 0.8366272300117742, 1.1595175126232966, 1.3479015208748857, 1.39074563633937, 1.5518256541132802, 1.846825098621653], [0.33346006961792857, 0.48886669114368525, 0.48889124069521006, 0.7932564003653088, 0.8104777264277057, 1.1232757955664583, 1.3057716996275026, 1.3472766854166607, 1.503322008704185, 1.7891009918711769], [0.3216883260262287, 0.47162423977159, 0.47162423977158996, 0.7652530146577651, 0.781866396761691, 1.0836221282973262, 1.25967559686196, 1.2997153815820757, 1.4502520227160536, 1.7259424908845535], [0.3203853242222471, 0.4697137427245534, 0.46971401646507455, 0.7621533496157699, 0.7786994390481864, 1.0792329059545458, 1.2545732681718946, 1.2944508713407994, 1.444377762293955, 1.7189515434449256], [0.19945188215925988, 0.2787200795552417, 0.29974319280796496, 0.4744690489299702, 0.4847696102546258, 0.6718629665805858, 0.781018919174959, 0.8058442229785777, 0.8991793364376122, 1.070111814618656]]
整体社会福利变化 [[100.12796887802119, 104.66186426440885, 110.86269554887856, 95.64683665570371, 107.3944723963042, 111.21938871788777, 117.43557585617309, 124.78180250097209, 128.76451339623873, 136.9238275377318, 113.09175271793909, 119.4357435404227, 126.66653324666862, 131.8787893926613, 145.570401879881], [100.12796887802119, 104.66186426440885, 110.86269554887856, 95.64683665570371, 107.3944723963042, 111.21938871788777, 117.43557585617309, 124.78180250097209, 128.76451339623873, 136.9238275377318, 113.09175271793909, 119.4357435404227, 126.66653324666862, 131.8787893926613, 145.570401879881], [100.12796887802119, 104.66186426440885, 110.86269554887856, 95.64683665570371, 107.3944723963042, 111.21938871788777, 117.43557585617309, 124.78180250097209, 128.76451339623873, 136.9238275377318, 113.09175271793909, 119.4357435404227, 126.66653324666862, 131.8787893926613, 145.570401879881]]


---------------------v_number=(0,5,10),user_number=(5, 55, 5)
已达到纳什均衡
用户平均效益值 2.078133755507903
车辆整体效益值 1.6683730206170324
整体社会效益为 245.18100861595607
用户平均效益值变化 [4.110568881255115, 3.475201064544291, 3.129057149741219, 2.929951276545613, 2.600440260065824, 2.4234626008892755, 2.2936640407901097, 2.224778944447052, 2.160168791453251, 2.078133755507903, 4.110568881255115, 3.475201064544291, 3.129057149741219, 2.929951276545613, 2.600440260065824, 2.4234626008892755, 2.2936640407901097, 2.224778944447052, 2.160168791453251, 2.078133755507903, 4.110568881255115, 3.475201064544291, 3.129057149741219, 2.929951276545613, 2.600440260065824, 2.4234626008892755, 2.2936640407901097, 2.224778944447052, 2.160168791453251, 2.078133755507903]
ECSPS平均效益值变化 [3.910318982111363, 8.432687150774354, 12.821498525819019, 16.305832031250006, 20.14666258012388, 25.058001621484664, 28.450215556973927, 33.413029785681125, 39.51721280090674, 41.57218455566427, 3.910318982111363, 8.432687150774354, 12.821498525819019, 16.305832031250006, 20.14666258012388, 25.058001621484664, 28.450215556973927, 33.413029785681125, 39.51721280090674, 41.57218455566427, 3.910318982111363, 8.432687150774354, 12.821498525819019, 16.305832031250006, 20.14666258012388, 25.058001621484664, 28.450215556973927, 33.413029785681125, 39.51721280090674, 41.57218455566427]
VOP平均效益值变化 [-6.471955597257514, -4.076056684048186, -6.290118979784248, -7.38855274664109, -8.712700312902271, -7.603510887359755, -13.667740905682994, -14.794431943780648, -12.357702397061118, -19.40907623925107, 0.5080081315068317, 1.4054063350045873, 2.415233715105428, 3.471747617689428, 4.534134992641664, 5.066902550385951, 6.52279376008919, 7.916047232325084, 8.30453488880825, 10.449843896425278, 0.7283642348825818, 1.9614502321632843, 3.3791419278835386, 5.000613308441249, 6.442240976403377, 7.461623589882906, 9.399379071614678, 11.27048321609215, 12.236285893596456, 14.889394152951034]
用户平均资源购买情况 [4.147936507936509, 3.2945362456473553, 2.8917877701748655, 2.7314583333333333, 2.4412488943155584, 2.279009519082112, 2.1409698025551673, 2.022961445853884, 1.946796117645333, 1.8617082967465957, 4.147936507936509, 3.2945362456473553, 2.8917877701748655, 2.7314583333333333, 2.4412488943155584, 2.279009519082112, 2.1409698025551673, 2.022961445853884, 1.946796117645333, 1.8617082967465957, 4.147936507936509, 3.2945362456473553, 2.8917877701748655, 2.7314583333333333, 2.4412488943155584, 2.279009519082112, 2.1409698025551673, 2.022961445853884, 1.946796117645333, 1.8617082967465957]
ECSPS平均资源购买情况 [0.0, 0.0, 0.0, 0.0, 0.0, 0.0, 0.0, 0.0, 0.0, 0.0, 0.0, 0.0, 0.0, 0.0, 0.0, 0.0, 0.0, 0.0, 0.0, 0.0, 0.0, 0.0, 0.0, 0.0, 0.0, 0.0, 0.0, 0.0, 0.0, 0.0]
ECSPS平均定价值变化 [1.1833333333333333, 1.5166666666666668, 1.7500000000000007, 1.8833333333333337, 2.0500000000000007, 2.2500000000000004, 2.350000000000001, 2.5166666666666675, 2.716666666666668, 2.7500000000000013, 1.1833333333333333, 1.5166666666666668, 1.7500000000000007, 1.8833333333333337, 2.0500000000000007, 2.2500000000000004, 2.350000000000001, 2.5166666666666675, 2.716666666666668, 2.7500000000000013, 1.1833333333333333, 1.5166666666666668, 1.7500000000000007, 1.8833333333333337, 2.0500000000000007, 2.2500000000000004, 2.350000000000001, 2.5166666666666675, 2.716666666666668, 2.7500000000000013]
VOP的平均定价值变化 [0.6344239798158681, 0.8019877633607028, 1.041642834700468, 1.2583867289596864, 1.405780224885025, 1.5071003813279011, 1.7232916048824274, 1.8575633922462913, 1.9300241331790715, 2.134942469531619, 0.38111414378641156, 0.6118815923949206, 0.8050429343865891, 1.0028430849509247, 1.126370603415886, 1.2421825497365877, 1.3754454580853563, 1.492573419682702, 1.5919021895042844, 1.7166628409747189, 0.34597452524859196, 0.5560616725924399, 0.7315488161408389, 0.910283910400642, 1.0229658184688286, 1.1263415519299518, 1.248483539150204, 1.3554714177158962, 1.4434700753929322, 1.558940591110238]
p_m值变化 [[], [], [], [], [], [], [], [], [], [], [0.023949311246170314, 0.063411090322621, 0.0634178843716618, 0.08870732500843458, 0.11189317731858713], [0.06043344841274661, 0.16001352904214897, 0.16002516757613944, 0.22384301157072314, 0.2823499554693804], [0.10476208623282618, 0.2773872506070862, 0.27740337234229806, 0.38803435542040754, 0.48945682365469523], [0.1661643797761006, 0.43996953347883777, 0.4399901913436093, 0.615465730823511, 0.7763331031289609], [0.20739112369978596, 0.549137605039345, 0.5491465791779329, 0.7681673625096149, 0.9689472477895621], [0.2602696717818015, 0.6891426622623998, 0.6891720325214312, 0.9640276119158663, 1.216000376757265], [0.31264101075560624, 0.8278133138588522, 0.8278450452034629, 1.1580086905146814, 1.460683294680405], [0.36457302862165136, 0.9653284094333672, 0.965346368675861, 1.3503621041746636, 1.7033132312864445], [0.4273214976454264, 1.131467254820513, 1.1315063306597537, 1.5827801033132043, 1.9964793964377372], [0.48245764136317854, 1.2774666665329208, 1.277491443816076, 1.7870014363891156, 2.25407923681396], [0.00648121231991487, 0.013071268634229147, 0.01307433777817958, 0.03093995709190464, 0.03209927372374344, 0.05541581079167666, 0.07130439928390853, 0.07505036369549256, 0.08915100935881132, 0.11524857890415469], [0.01635462542762953, 0.03298594053387143, 0.03299066960598993, 0.07807355840556066, 0.08099896623512452, 0.1398356793672899, 0.17992878240694007, 0.18938131100694316, 0.22496273724763394, 0.2908170795246369], [0.028350933733566043, 0.057182815909269734, 0.057189080903529206, 0.13534141323833945, 0.14041264179607238, 0.24240676954251444, 0.31190863080372405, 0.32829469926730276, 0.38997551623003074, 0.5041347858644623], [0.044967750568406746, 0.09069940793694922, 0.090707760240391, 0.21466660458414144, 0.22271014004588624, 0.38448422971243224, 0.49472195206066777, 0.5207120886251881, 0.6185447603142917, 0.7996141250920321], [0.05612497321721262, 0.1132040566014798, 0.1132134940940308, 0.26792883906101894, 0.27796810512738307, 0.4798809501108485, 0.617470425593043, 0.6499091333370821, 0.7720156654387134, 0.9980112538359747], [0.07043472070488856, 0.14206738353030418, 0.1420783822389817, 0.33624056498872845, 0.3488394645682397, 0.6022324557434815, 0.774902048653833, 0.8156114011756832, 0.9688504851666087, 1.2524664093594473], [0.08460756183823072, 0.17065489217553279, 0.17066695196241596, 0.4038987262736895, 0.41903277045813897, 0.7234133792783222, 0.9308274658756834, 0.9797283350268222, 1.1638021149047655, 1.504487101006897], [0.09866138367261396, 0.19900193866940155, 0.19901563296572808, 0.47098871745991566, 0.48863661685991466, 0.843576664496913, 1.0854434708707172, 1.1424670667340457, 1.3571166019059695, 1.7543914009314807], [0.11564263455966087, 0.233254033208975, 0.23326922503040862, 0.5520536371177717, 0.5727390309881014, 0.9887701131760097, 1.2722661848955261, 1.3391044818282207, 1.5906987412058948, 2.0563510835237153], [0.13056154580491053, 0.2633461700557687, 0.26336283756249773, 0.6232733819691386, 0.6466273725590047, 1.1163301028727128, 1.436399647243256, 1.5118606690344716, 1.7959127882642874, 2.321638355242155]]
f_m变化 [[], [], [], [], [], [], [], [], [], [], [0.25120638885347363, 0.4249815514106392, 0.42500619538183004, 0.5152334760777276, 0.5918589194184658], [0.3990459014660049, 0.6750966938523233, 0.6751232697800764, 0.8184577146516195, 0.9401786201297541], [0.5253953631278155, 0.888855054132429, 0.888883014230576, 1.0776050740387895, 1.2378663349588672], [0.6616878068758211, 1.1194354420682782, 1.119463889662438, 1.357145852742364, 1.5589803752894587], [0.7392294303565583, 1.2506289790000937, 1.2506400408318326, 1.5161865538528534, 1.7416735850152354], [0.8281251010569524, 1.4010135622845659, 1.401045878843659, 1.6985148203920493, 1.9511176833196144], [0.9076264413878252, 1.5355147583414983, 1.535546614592178, 1.8615749723191828, 2.1384281159694623], [0.9801136428205095, 1.658156158375021, 1.6581728548612753, 2.0102488692521665, 2.3092127719944404], [1.0611127607627353, 1.7951833196708957, 1.795216874894376, 2.1763810177499727, 2.500052068072605], [1.1274927580936185, 1.9074917534248472, 1.9075117775439543, 2.312528816071975, 2.65644774602717], [0.1306809523706206, 0.19157403283759575, 0.19159872830839225, 0.31087230921712544, 0.31762124108623224, 0.4402048824246963, 0.5117239058980618, 0.5279894548055243, 0.5891426581967427, 0.7011376857589936], [0.20758906239196476, 0.3043287750260604, 0.30435272916212003, 0.49382630003327355, 0.5045471006812654, 0.6992734376754668, 0.8128827032700342, 0.8387208226419732, 0.935863795079494, 1.113769927093854], [0.27331775816869636, 0.4006929032716963, 0.40071700569167207, 0.6501859765375614, 0.6643012924656709, 0.9206836146863108, 1.0702648566925423, 1.1042840712921014, 1.2321853159074554, 1.4664216702044686], [0.34421892825313327, 0.504639524703947, 0.5046650387131169, 0.8188502697685641, 0.8366272300117742, 1.1595175126232966, 1.3479015208748857, 1.39074563633937, 1.5518256541132802, 1.846825098621653], [0.3845583447508656, 0.563780575700539, 0.563806380545767, 0.9148122851321799, 0.9346725480193028, 1.2954027183425147, 1.505863667594817, 1.5537287347744484, 1.7336859071529, 2.06325667962111], [0.43080185515923, 0.6315770750398776, 0.6316039204965409, 1.0248193412958322, 1.0470678198752408, 1.451176139739739, 1.6869452203332247, 1.7405661078260322, 1.9421633030710634, 2.3113652775531057], [0.4721595262852771, 0.6922111615429798, 0.6922380185303454, 1.1232036466866702, 1.1475880150008198, 1.5904913836611922, 1.8488946752732724, 1.9076632542252883, 2.1286141045231646, 2.533260062490541], [0.5098680134455715, 0.7474943192522755, 0.747522560787733, 1.2129070370274377, 1.2392388353695705, 1.7175141812126924, 1.9965545597868697, 2.0600166249050464, 2.298613465250108, 2.7355760155152726], [0.5520051823422092, 0.8092707737742386, 0.809299712067285, 1.3131456621762603, 1.3416536069030163, 1.8594551997266044, 2.161556392572115, 2.230263171392457, 2.488578439045564, 2.9616530110427886], [0.5865321306749177, 0.8598897954972708, 0.8599196757992938, 1.3952806019949464, 1.425571668268634, 1.9757608353649052, 2.296757923774962, 2.3697621901521617, 2.6442346211528394, 3.1468991713375165]]
整体社会福利变化 [[25.811845755352152, 55.974015413717794, 79.11023384379108, 100.12796887802119, 116.73829392911496, 140.2743720037725, 151.9611471928926, 174.43581519114485, 203.40153162105543, 209.21416520313693, 32.82512093443793, 61.53953599737898, 87.96130115044652, 111.21938871788777, 130.27359070340125, 153.30679666896066, 172.58653667672192, 197.6533811061776, 224.65813354375277, 239.74413850759305, 33.094985406132, 62.22050898137436, 89.14177552184333, 113.09175271793909, 132.61042491114424, 156.23955243548681, 176.10941993041556, 201.7614690434735, 229.47325250949737, 245.18100861595607], [25.811845755352152, 55.974015413717794, 79.11023384379108, 100.12796887802119, 116.73829392911496, 140.2743720037725, 151.9611471928926, 174.43581519114485, 203.40153162105543, 209.21416520313693, 32.82512093443793, 61.53953599737898, 87.96130115044652, 111.21938871788777, 130.27359070340125, 153.30679666896066, 172.58653667672192, 197.6533811061776, 224.65813354375277, 239.74413850759305, 33.094985406132, 62.22050898137436, 89.14177552184333, 113.09175271793909, 132.61042491114424, 156.23955243548681, 176.10941993041556, 201.7614690434735, 229.47325250949737, 245.18100861595607], [25.811845755352152, 55.974015413717794, 79.11023384379108, 100.12796887802119, 116.73829392911496, 140.2743720037725, 151.9611471928926, 174.43581519114485, 203.40153162105543, 209.21416520313693, 32.82512093443793, 61.53953599737898, 87.96130115044652, 111.21938871788777, 130.27359070340125, 153.30679666896066, 172.58653667672192, 197.6533811061776, 224.65813354375277, 239.74413850759305, 33.094985406132, 62.22050898137436, 89.14177552184333, 113.09175271793909, 132.61042491114424, 156.23955243548681, 176.10941993041556, 201.7614690434735, 229.47325250949737, 245.18100861595607]]
