--------------------------------nuser=0-50 跨度5---------------------------------------------------------------
已达到纳什均衡
车辆整体效益值 2.079684389857222
整体社会效益为 239.64841625674418
用户平均效益值变化 [4.446175506742655, 3.695959251718796, 3.3560239647087537, 3.1266285981296327, 2.810665575000767, 2.7129759519862087, 2.4179068202155336, 2.398926291315448, 2.3720723742150187, 2.311940957465355]
ECSPS平均效益值变化 [3.4356828992203714, 7.783528623816274, 11.848873440756568, 14.749141407737547, 17.82519758748793, 20.53470142991458, 26.556771266340263, 29.75162665016549, 34.15105599500961, 34.249211231658364]
Cloud平均效益值变化 [3.5574011005701958, 7.9641130174053085, 12.236110493722173, 14.790094100961976, 17.56892440436155, 20.294846154508626, 26.349159020997543, 29.669165612428245, 33.54744434925621, 33.32781279611168]
VOP平均效益值变化 [0.8475742403409048, 2.144062817939837, 4.239640238488973, 6.066094557230833, 7.486556260650842, 10.30827288531596, 11.049425908999307, 14.475436553734891, 16.07045486722827, 19.22405029864413]
用户平均资源购买情况 [4.597423187598625, 3.5678074074074067, 3.0976765188834134, 2.9069000760291077, 2.671810606060606, 2.528101587301587, 2.245374348569836, 2.1645899448649644, 2.113898474618654, 2.078565800180203]
Cloud平均资源购买情况 [1.9992341482024836, 2.815600666991946, 3.0583202535547045, 4.1948885193836, 5.230141140358704, 5.472198579314881, 5.668288675215482, 5.722900697929706, 6.8343085948944164, 7.476594265965723]
ECSPS平均资源购买情况 [1.4920704135791139, 2.315827716320445, 3.0160057942184064, 3.773678957854967, 4.3356131977736645, 4.922895641492554, 5.101074360136173, 5.620053917744894, 6.174495722051909, 6.745880417143311]
Cloud平均定价值变化 [0.8999999999999999, 1.2, 1.4000000000000001, 1.5000000000000002, 1.6000000000000003, 1.7000000000000004, 1.9000000000000006, 2.0000000000000004, 2.1000000000000005, 2.1000000000000005]
ECSPS平均定价值变化 [1.0833333333333333, 1.4166666666666667, 1.6500000000000004, 1.7500000000000007, 1.8833333333333337, 1.9833333333333336, 2.2166666666666672, 2.3166666666666678, 2.450000000000001, 2.450000000000001]
VOP的平均定价值变化 [0.3784406255828519, 0.5948397197368225, 0.7936090283731675, 0.9804106372073879, 1.1131814951706172, 1.2787265789707642, 1.3247141051791673, 1.4757821370189108, 1.601964240172759, 1.7506947379203395]
p_m值变化 [[0.007961978622632749, 0.01605796291670451, 0.016061297314608997, 0.03800882462681914, 0.03943301099565645, 0.06807669068475926, 0.0875953541191058, 0.09219716117216756, 0.10951938945215978, 0.14157948570671738], [0.019180274799742283, 0.03868539026994855, 0.03869042296637937, 0.09156261440014438, 0.09499345580465371, 0.1639956063694744, 0.21101574371702433, 0.2221014207875728, 0.26383038218036986, 0.3410626237390981], [0.032531692574070105, 0.06561556743149302, 0.06562229521536907, 0.1552994769858742, 0.1611185321874915, 0.2781531822413377, 0.3579041070300481, 0.37670654037367, 0.447483093767157, 0.5784768133789653], [0.050929827903311825, 0.10272524739376394, 0.1027341114667599, 0.2431283075610976, 0.25223830020299465, 0.4354613087321501, 0.5603149684478588, 0.5897510235247294, 0.7005549011807288, 0.9056314609402321], [0.06722694359348434, 0.13559656097458678, 0.1356081129311879, 0.32092731612155073, 0.332952429629426, 0.5748052566761294, 0.7396110352285877, 0.7784663798416566, 0.9247265644874962, 1.1954258949755425], [0.08667294635357993, 0.17482057757933855, 0.17483327324061632, 0.41375843981747235, 0.42926192639967053, 0.7410728757540929, 0.9535502195050236, 1.00364482472109, 1.1922120934359843, 1.541213658808568], [0.09306054913258184, 0.18770429006945272, 0.1877181794343237, 0.4442515150624087, 0.4608975740174517, 0.7956882946893777, 1.0238247446380098, 1.0776112104974862, 1.2800754662232792, 1.6547976683416779], [0.11295963053963362, 0.2278419040415851, 0.22785740197542179, 0.5392455430938542, 0.5594510188516186, 0.9658298385308361, 1.2427485687449324, 1.3080361623401857, 1.5537932284379212, 2.008642054292017], [0.1363469050980138, 0.27501549738930464, 0.27503275352314, 0.6508914706627034, 0.6752803082717066, 1.1657962040474474, 1.5000484643283118, 1.5788532664110022, 1.875492120560205, 2.4245133009270425], [0.16274946413876384, 0.32827262630756204, 0.32828961596739825, 0.7769317203120869, 0.8060432740285375, 1.3915439066366666, 1.790521618736373, 1.8845863817121036, 2.2386671327259595, 2.8940021609856954]]
f_m变化 [[0.14484205236907374, 0.2123358072594856, 0.21236001387748904, 0.3445596506216213, 0.35203992318994587, 0.4879072081786744, 0.5671763132425512, 0.5852044607570015, 0.6529844648620131, 0.7771157124002297], [0.22480790528482125, 0.3295734292849086, 0.32959696881120903, 0.5347875981799849, 0.5463976546486656, 0.7572759129684407, 0.8803087005583623, 0.9082900085597303, 1.0134906771074075, 1.2061535487184178], [0.29277736390460996, 0.4292224097117597, 0.42924657222493845, 0.6964777463926018, 0.7115980408652425, 0.9862342041150929, 1.1464652919799785, 1.1829065976576605, 1.3199141213893943, 1.5708275739261213], [0.3663281314536552, 0.5370536664881407, 0.537079109588742, 0.8714450735958595, 0.8903638491026848, 1.2339933946767667, 1.434477319511387, 1.480073315180595, 1.651499512528593, 1.9654467897310475], [0.42087763643135184, 0.6170259582574396, 0.6170548189428733, 1.0012109673350915, 1.0229469161629676, 1.417745946134533, 1.6480837039584926, 1.7004693474302064, 1.8974224246507247, 2.258119233461718], [0.47788780324787694, 0.7006086330289042, 0.7006365672051549, 1.1368304427491012, 1.161510644160934, 1.6097873517504504, 1.8713256126684494, 1.9308071766990131, 2.1544386203031096, 2.5639937752473427], [0.49518441983115186, 0.725966024938977, 0.7259955181428775, 1.1779767539853112, 1.2035502277889423, 1.6680518113466094, 1.9390561582166046, 2.0006905911838055, 2.2324161257224175, 2.656794673179767], [0.5455641169907912, 0.7998269813574764, 0.7998568512958802, 1.2978232389516813, 1.3259985390930358, 1.8377581707084094, 2.1363342996811445, 2.204239374338875, 2.459540493622644, 2.92709500107736], [0.5993862951170807, 0.8787349102809425, 0.878765182400083, 1.4258589204928016, 1.4568138316381458, 2.0190606877479995, 2.347092598538768, 2.421696792346904, 2.7021844330495, 3.2158651449231965], [0.6548531939550437, 0.9600563597855103, 0.9600836399176069, 1.5578071701349339, 1.5916266328041024, 2.2059035232071436, 2.56429133796115, 2.6457993654147236, 2.952243187830001, 3.513459648039327]]
整体社会福利 [33.487242176288525, 62.699335251304184, 90.5423243813811, 113.49689457861072, 132.08784397417617, 154.4092008940024, 176.5356471855541, 201.13081615418938, 227.00918058348435, 239.64841625674418]
